9.600000000000000000e+02 3.089184141473781466e+08
9.610000000000000000e+02 3.132314918325641155e+08
9.620000000000000000e+02 3.070911494859664440e+08
9.630000000000000000e+02 3.039102526879906654e+08
9.640000000000000000e+02 3.266345788829637170e+08
9.650000000000000000e+02 2.986150967069883943e+08
9.660000000000000000e+02 3.177092750550591350e+08
9.670000000000000000e+02 3.132821398253691792e+08
9.680000000000000000e+02 3.184510825904989243e+08
9.690000000000000000e+02 3.221047502782195807e+08
9.700000000000000000e+02 3.052536445274887681e+08
9.710000000000000000e+02 2.485269654413980246e+08
9.720000000000000000e+02 3.191596404639281631e+08
9.730000000000000000e+02 2.872204074643866420e+08
9.740000000000000000e+02 3.303719247583671212e+08
9.750000000000000000e+02 3.138002959159345031e+08
9.760000000000000000e+02 3.099825394410548806e+08
9.770000000000000000e+02 3.294644473517052531e+08
9.780000000000000000e+02 2.876768740738404989e+08
9.790000000000000000e+02 2.676557058533290625e+08
9.800000000000000000e+02 2.858698328430002928e+08
9.810000000000000000e+02 2.719129565612222552e+08
9.820000000000000000e+02 2.937932224224658608e+08
9.830000000000000000e+02 3.137048823763507605e+08
9.840000000000000000e+02 3.161784599306841493e+08
9.850000000000000000e+02 3.059781340195697546e+08
9.860000000000000000e+02 3.071362171541750431e+08
9.870000000000000000e+02 3.181560562216142416e+08
9.880000000000000000e+02 3.175387249719508290e+08
9.890000000000000000e+02 3.226027787762187123e+08
9.900000000000000000e+02 3.196379961921031475e+08
9.910000000000000000e+02 3.249236987655677795e+08
9.920000000000000000e+02 3.373625832951006889e+08
9.930000000000000000e+02 3.357393212394878268e+08
9.940000000000000000e+02 3.768954904426797032e+08
9.950000000000000000e+02 3.216482498537960649e+08
9.960000000000000000e+02 3.587561305626394153e+08
9.970000000000000000e+02 3.606387526971354485e+08
9.980000000000000000e+02 3.591412071777487397e+08
9.990000000000000000e+02 3.795136595209235549e+08
1.000000000000000000e+03 3.638371924143269658e+08
1.001000000000000000e+03 3.784589632549380660e+08
1.002000000000000000e+03 3.248676316298300028e+08
1.003000000000000000e+03 3.796680436771151423e+08
1.004000000000000000e+03 3.712986673194495440e+08
1.005000000000000000e+03 3.970599592249624133e+08
1.006000000000000000e+03 3.845509014317846298e+08
1.007000000000000000e+03 3.987705636563562155e+08
1.008000000000000000e+03 3.923799063849363923e+08
1.009000000000000000e+03 3.616417729177563787e+08
1.010000000000000000e+03 3.761789273319932222e+08
1.011000000000000000e+03 3.741654747753008008e+08
1.012000000000000000e+03 3.775953819304882288e+08
1.013000000000000000e+03 3.984148215147652626e+08
1.014000000000000000e+03 4.048720979361041188e+08
1.015000000000000000e+03 4.158464718551476598e+08
1.016000000000000000e+03 3.681836220473048091e+08
1.017000000000000000e+03 3.801385384362812638e+08
1.018000000000000000e+03 3.955916960128059983e+08
1.019000000000000000e+03 3.693694324238432050e+08
1.020000000000000000e+03 4.198732764780291319e+08
1.021000000000000000e+03 4.303466325114275217e+08
1.022000000000000000e+03 3.920173959162812233e+08
1.023000000000000000e+03 3.859603820719964504e+08
1.024000000000000000e+03 4.160534397446209788e+08
1.025000000000000000e+03 3.829905505525783896e+08
1.026000000000000000e+03 4.274371720846174359e+08
1.027000000000000000e+03 4.294317211384720802e+08
1.028000000000000000e+03 3.879527208681859970e+08
1.029000000000000000e+03 3.929117887595311403e+08
1.030000000000000000e+03 3.889703439461383224e+08
1.031000000000000000e+03 4.074726749206179380e+08
1.032000000000000000e+03 4.057298789347178340e+08
1.033000000000000000e+03 3.995335982966997623e+08
1.034000000000000000e+03 3.998800926935999393e+08
1.035000000000000000e+03 3.855842617290753722e+08
1.036000000000000000e+03 4.040553395385549664e+08
1.037000000000000000e+03 4.141316222133930922e+08
1.038000000000000000e+03 3.879497123624319434e+08
1.039000000000000000e+03 4.061594490000082254e+08
1.040000000000000000e+03 3.715436897634721994e+08
1.041000000000000000e+03 3.726906438783367872e+08
1.042000000000000000e+03 3.754572671056597829e+08
1.043000000000000000e+03 3.938735507352565527e+08
1.044000000000000000e+03 3.876638977627902627e+08
1.045000000000000000e+03 3.967406475035226941e+08
1.046000000000000000e+03 3.370051967369812131e+08
1.047000000000000000e+03 3.520819819676776528e+08
1.048000000000000000e+03 3.681121389250870943e+08
1.049000000000000000e+03 3.632369706534529328e+08
1.050000000000000000e+03 3.598270621417437196e+08
1.051000000000000000e+03 3.285642252528344989e+08
1.052000000000000000e+03 3.623175112628816366e+08
1.053000000000000000e+03 3.479509920241974592e+08
1.054000000000000000e+03 3.413507027242274880e+08
1.055000000000000000e+03 3.413538806035323739e+08
1.056000000000000000e+03 3.264601637222817540e+08
1.057000000000000000e+03 3.175182136473478079e+08
1.058000000000000000e+03 3.127509619150873423e+08
1.059000000000000000e+03 3.267343752832401991e+08
1.060000000000000000e+03 3.443814887534874678e+08
1.061000000000000000e+03 3.309898795038359761e+08
1.062000000000000000e+03 2.955183121987544894e+08
1.063000000000000000e+03 3.208714308018561006e+08
1.064000000000000000e+03 2.975276936572771668e+08
1.065000000000000000e+03 3.154033752423068881e+08
1.066000000000000000e+03 3.087861898753534555e+08
1.067000000000000000e+03 3.122057110806724429e+08
1.068000000000000000e+03 3.105494337684310675e+08
1.069000000000000000e+03 2.928991904202435017e+08
1.070000000000000000e+03 3.072548953750421405e+08
1.071000000000000000e+03 2.793673112006641626e+08
1.072000000000000000e+03 3.006566370240772963e+08
1.073000000000000000e+03 3.220589569142904282e+08
1.074000000000000000e+03 2.820325542733752131e+08
1.075000000000000000e+03 2.768030576899480224e+08
1.076000000000000000e+03 2.860983123862352371e+08
1.077000000000000000e+03 3.031069584641222954e+08
1.078000000000000000e+03 2.893624287892001271e+08
1.079000000000000000e+03 3.107744170533641577e+08
1.080000000000000000e+03 3.342956690633863807e+08
1.081000000000000000e+03 3.288931269112713933e+08
1.082000000000000000e+03 3.097989219281325340e+08
1.083000000000000000e+03 3.167909730676943660e+08
1.084000000000000000e+03 2.858337098709186316e+08
1.085000000000000000e+03 2.975869759466311932e+08
1.086000000000000000e+03 3.268559465185801387e+08
1.087000000000000000e+03 3.132782795334020257e+08
1.088000000000000000e+03 3.469100368641816974e+08
1.089000000000000000e+03 3.481118612340608835e+08
1.090000000000000000e+03 3.335964996500302553e+08
1.091000000000000000e+03 3.091023753555953503e+08
1.092000000000000000e+03 3.495928493186799288e+08
1.093000000000000000e+03 3.124598151186538935e+08
1.094000000000000000e+03 2.845685326156496406e+08
1.095000000000000000e+03 3.238395446829627752e+08
1.096000000000000000e+03 3.690604025029872060e+08
1.097000000000000000e+03 3.648581622165888548e+08
1.098000000000000000e+03 3.505486134500940442e+08
1.099000000000000000e+03 3.434844341406680346e+08
1.100000000000000000e+03 3.388590081207941175e+08
1.101000000000000000e+03 3.329274185324071050e+08
1.102000000000000000e+03 3.556673706504007578e+08
1.103000000000000000e+03 3.745430041895654798e+08
1.104000000000000000e+03 3.662713283750066161e+08
1.105000000000000000e+03 3.853258203477962613e+08
1.106000000000000000e+03 3.751149487581546903e+08
1.107000000000000000e+03 3.497685715926434994e+08
1.108000000000000000e+03 3.940812938502961993e+08
1.109000000000000000e+03 3.467354062988392115e+08
1.110000000000000000e+03 3.809569681945605278e+08
1.111000000000000000e+03 3.837058480964688659e+08
1.112000000000000000e+03 3.788938576439963579e+08
1.113000000000000000e+03 3.790702789322895408e+08
1.114000000000000000e+03 4.052292922245818377e+08
1.115000000000000000e+03 4.269243582843341231e+08
1.116000000000000000e+03 4.225942832812759876e+08
1.117000000000000000e+03 3.865804594443592429e+08
1.118000000000000000e+03 4.187377056325819492e+08
1.119000000000000000e+03 4.162220769876728058e+08
1.120000000000000000e+03 4.133946117987840176e+08
1.121000000000000000e+03 3.832829656731560230e+08
1.122000000000000000e+03 4.017217601714682579e+08
1.123000000000000000e+03 3.862716413806757927e+08
1.124000000000000000e+03 4.042575299138889313e+08
1.125000000000000000e+03 4.174108616415756345e+08
1.126000000000000000e+03 3.860769624806955457e+08
1.127000000000000000e+03 4.498447649636549950e+08
1.128000000000000000e+03 4.400033807310021520e+08
1.129000000000000000e+03 4.028025906865400672e+08
1.130000000000000000e+03 4.231670805236268044e+08
1.131000000000000000e+03 3.961496555020338297e+08
1.132000000000000000e+03 4.392732285539761782e+08
1.133000000000000000e+03 4.267361316313127279e+08
1.134000000000000000e+03 3.803044391770746708e+08
1.135000000000000000e+03 4.033946482990799546e+08
1.136000000000000000e+03 4.344263053243508935e+08
1.137000000000000000e+03 3.694020096383655071e+08
1.138000000000000000e+03 4.005051100055654645e+08
1.139000000000000000e+03 4.102134536426350474e+08
1.140000000000000000e+03 3.838319537666388750e+08
1.141000000000000000e+03 3.807449616342743635e+08
1.142000000000000000e+03 3.679371963192830682e+08
1.143000000000000000e+03 4.272398522186378241e+08
1.144000000000000000e+03 3.883570956218049526e+08
1.145000000000000000e+03 3.983456241953765154e+08
1.146000000000000000e+03 3.551224657982933521e+08
1.147000000000000000e+03 3.532971036359708309e+08
1.148000000000000000e+03 3.537473656711019278e+08
1.149000000000000000e+03 3.675711659970538020e+08
1.150000000000000000e+03 3.453089078862254024e+08
1.151000000000000000e+03 3.577886714005739093e+08
1.152000000000000000e+03 3.198629496538918018e+08
1.153000000000000000e+03 3.378270550849709511e+08
1.154000000000000000e+03 3.095677126956756115e+08
1.155000000000000000e+03 3.074587316319996715e+08
1.156000000000000000e+03 3.691871141905353069e+08
1.157000000000000000e+03 3.591274505907049179e+08
1.158000000000000000e+03 3.169145570108059049e+08
1.159000000000000000e+03 3.194973170295522809e+08
1.160000000000000000e+03 3.503638060015615821e+08
1.161000000000000000e+03 3.289796698651989102e+08
1.162000000000000000e+03 3.170271013214089870e+08
1.163000000000000000e+03 3.082401588773009777e+08
1.164000000000000000e+03 3.003190850961017013e+08
1.165000000000000000e+03 2.779536195751198530e+08
1.166000000000000000e+03 2.888741501033374071e+08
1.167000000000000000e+03 3.039040837955303788e+08
1.168000000000000000e+03 2.652845987737051547e+08
1.169000000000000000e+03 3.209243204300242066e+08
1.170000000000000000e+03 3.048163834751747847e+08
1.171000000000000000e+03 3.210012099315059781e+08
1.172000000000000000e+03 3.073943908382026553e+08
1.173000000000000000e+03 2.873105462441879511e+08
1.174000000000000000e+03 3.071883422126334906e+08
1.175000000000000000e+03 3.143713909787514210e+08
1.176000000000000000e+03 3.159214774532256722e+08
1.177000000000000000e+03 3.287836564527666569e+08
1.178000000000000000e+03 3.082115783402156234e+08
1.179000000000000000e+03 3.192985215371853113e+08
1.180000000000000000e+03 3.263647237180359960e+08
1.181000000000000000e+03 3.333360777289002538e+08
1.182000000000000000e+03 3.303516985229848623e+08
1.183000000000000000e+03 2.909130067187934518e+08
1.184000000000000000e+03 3.019857204283064604e+08
1.185000000000000000e+03 3.206632424780662656e+08
1.186000000000000000e+03 2.997460618615007997e+08
1.187000000000000000e+03 3.308260315420165062e+08
1.188000000000000000e+03 3.149706893016180396e+08
1.189000000000000000e+03 3.186683372287527919e+08
1.190000000000000000e+03 3.237697041626851559e+08
1.191000000000000000e+03 2.980343659004982710e+08
1.192000000000000000e+03 3.249301544129204750e+08
1.193000000000000000e+03 3.431187154453190565e+08
1.194000000000000000e+03 3.011014046016270518e+08
1.195000000000000000e+03 3.404481617628394961e+08
1.196000000000000000e+03 3.597749742632106543e+08
1.197000000000000000e+03 3.335946006975953579e+08
1.198000000000000000e+03 3.249990375641604662e+08
1.199000000000000000e+03 3.383188643348315358e+08
1.200000000000000000e+03 3.405321553955191970e+08
1.201000000000000000e+03 3.736340404277192950e+08
1.202000000000000000e+03 3.672871690480129719e+08
1.203000000000000000e+03 3.678710526786708832e+08
1.204000000000000000e+03 3.977512446340138316e+08
1.205000000000000000e+03 3.335319198262985349e+08
1.206000000000000000e+03 3.785104648212578297e+08
1.207000000000000000e+03 3.814445479300575256e+08
1.208000000000000000e+03 3.751950931032062173e+08
1.209000000000000000e+03 3.655345325318491459e+08
1.210000000000000000e+03 3.822101293722475767e+08
1.211000000000000000e+03 4.159338458493220210e+08
1.212000000000000000e+03 3.846829827430778146e+08
1.213000000000000000e+03 3.856843297164302468e+08
1.214000000000000000e+03 3.891143920771124363e+08
1.215000000000000000e+03 3.811916940678337812e+08
1.216000000000000000e+03 4.034514663293161988e+08
1.217000000000000000e+03 3.945930762649433613e+08
1.218000000000000000e+03 3.908529836212475300e+08
1.219000000000000000e+03 4.358129711327669621e+08
1.220000000000000000e+03 4.122794956072655320e+08
1.221000000000000000e+03 4.170582092913554907e+08
1.222000000000000000e+03 4.008302835003975034e+08
1.223000000000000000e+03 4.245151498994953036e+08
1.224000000000000000e+03 3.688661837942816615e+08
1.225000000000000000e+03 4.210419471040729880e+08
1.226000000000000000e+03 4.200117922639456391e+08
1.227000000000000000e+03 4.045601678350319862e+08
1.228000000000000000e+03 4.060294494511273503e+08
1.229000000000000000e+03 4.184121578028083444e+08
1.230000000000000000e+03 4.064728763352830410e+08
1.231000000000000000e+03 3.760685343236894608e+08
1.232000000000000000e+03 4.131227694941460490e+08
1.233000000000000000e+03 4.021535461166228652e+08
1.234000000000000000e+03 3.914234583649050593e+08
1.235000000000000000e+03 3.940262852608238459e+08
1.236000000000000000e+03 4.305615867127192616e+08
1.237000000000000000e+03 3.879769214758771062e+08
1.238000000000000000e+03 3.770702759718320370e+08
1.239000000000000000e+03 4.064047637244049311e+08
1.240000000000000000e+03 4.088262702836083174e+08
1.241000000000000000e+03 3.693357967792425752e+08
1.242000000000000000e+03 3.879344944961071610e+08
1.243000000000000000e+03 3.864694804571654201e+08
1.244000000000000000e+03 3.896759584549227357e+08
1.245000000000000000e+03 3.437455611887912750e+08
1.246000000000000000e+03 3.994552144973081946e+08
1.247000000000000000e+03 3.773086046400436759e+08
1.248000000000000000e+03 3.569688747714524269e+08
1.249000000000000000e+03 3.600053819207086563e+08
1.250000000000000000e+03 3.744538830352249146e+08
1.251000000000000000e+03 3.862462862737329006e+08
1.252000000000000000e+03 3.618720972653211355e+08
1.253000000000000000e+03 3.691806470313473344e+08
1.254000000000000000e+03 3.617863159127884507e+08
1.255000000000000000e+03 3.402814712883703113e+08
1.256000000000000000e+03 3.367152878051766157e+08
1.257000000000000000e+03 3.559668200424502492e+08
1.258000000000000000e+03 3.307393255870266557e+08
1.259000000000000000e+03 3.314909440932981968e+08
